{
 "cells": [
  {
   "cell_type": "code",
   "execution_count": 16,
   "metadata": {
    "id": "TOsoPjnYzZCW"
   },
   "outputs": [],
   "source": [
    "# 1. Các thư viện cần thiết\n",
    "import numpy as np\n",
    "import pandas as pd\n",
    "import matplotlib.pyplot as plt\n",
    "\n"
   ]
  },
  {
   "cell_type": "code",
   "execution_count": 17,
   "metadata": {
    "colab": {
     "base_uri": "https://localhost:8080/",
     "height": 455
    },
    "id": "DewQquJ1zXi_",
    "outputId": "dc507c84-0a1f-4af5-d3b1-d2460e4a5f5a"
   },
   "outputs": [
    {
     "data": {
      "text/html": [
       "<div>\n",
       "<style scoped>\n",
       "    .dataframe tbody tr th:only-of-type {\n",
       "        vertical-align: middle;\n",
       "    }\n",
       "\n",
       "    .dataframe tbody tr th {\n",
       "        vertical-align: top;\n",
       "    }\n",
       "\n",
       "    .dataframe thead th {\n",
       "        text-align: right;\n",
       "    }\n",
       "</style>\n",
       "<table border=\"1\" class=\"dataframe\">\n",
       "  <thead>\n",
       "    <tr style=\"text-align: right;\">\n",
       "      <th></th>\n",
       "      <th>Date</th>\n",
       "      <th>Symbol</th>\n",
       "      <th>Adj Close</th>\n",
       "      <th>Close</th>\n",
       "      <th>High</th>\n",
       "      <th>Low</th>\n",
       "      <th>Open</th>\n",
       "      <th>Volume</th>\n",
       "    </tr>\n",
       "  </thead>\n",
       "  <tbody>\n",
       "    <tr>\n",
       "      <th>0</th>\n",
       "      <td>3/1/2019</td>\n",
       "      <td>ADBE</td>\n",
       "      <td>264.010010</td>\n",
       "      <td>264.010010</td>\n",
       "      <td>266.239990</td>\n",
       "      <td>261.500000</td>\n",
       "      <td>265.750000</td>\n",
       "      <td>2594000</td>\n",
       "    </tr>\n",
       "    <tr>\n",
       "      <th>1</th>\n",
       "      <td>3/4/2019</td>\n",
       "      <td>ADBE</td>\n",
       "      <td>258.160004</td>\n",
       "      <td>258.160004</td>\n",
       "      <td>267.000000</td>\n",
       "      <td>254.080002</td>\n",
       "      <td>266.700012</td>\n",
       "      <td>2994900</td>\n",
       "    </tr>\n",
       "    <tr>\n",
       "      <th>2</th>\n",
       "      <td>3/5/2019</td>\n",
       "      <td>ADBE</td>\n",
       "      <td>257.380005</td>\n",
       "      <td>257.380005</td>\n",
       "      <td>259.869995</td>\n",
       "      <td>256.369995</td>\n",
       "      <td>259.000000</td>\n",
       "      <td>2101800</td>\n",
       "    </tr>\n",
       "    <tr>\n",
       "      <th>3</th>\n",
       "      <td>3/6/2019</td>\n",
       "      <td>ADBE</td>\n",
       "      <td>256.399994</td>\n",
       "      <td>256.399994</td>\n",
       "      <td>259.489990</td>\n",
       "      <td>253.839996</td>\n",
       "      <td>257.399994</td>\n",
       "      <td>1950500</td>\n",
       "    </tr>\n",
       "    <tr>\n",
       "      <th>4</th>\n",
       "      <td>3/7/2019</td>\n",
       "      <td>ADBE</td>\n",
       "      <td>255.460007</td>\n",
       "      <td>255.460007</td>\n",
       "      <td>257.489990</td>\n",
       "      <td>253.289993</td>\n",
       "      <td>255.770004</td>\n",
       "      <td>3185200</td>\n",
       "    </tr>\n",
       "    <tr>\n",
       "      <th>...</th>\n",
       "      <td>...</td>\n",
       "      <td>...</td>\n",
       "      <td>...</td>\n",
       "      <td>...</td>\n",
       "      <td>...</td>\n",
       "      <td>...</td>\n",
       "      <td>...</td>\n",
       "      <td>...</td>\n",
       "    </tr>\n",
       "    <tr>\n",
       "      <th>1319</th>\n",
       "      <td>5/28/2024</td>\n",
       "      <td>ADBE</td>\n",
       "      <td>478.429993</td>\n",
       "      <td>478.429993</td>\n",
       "      <td>478.670013</td>\n",
       "      <td>469.600006</td>\n",
       "      <td>473.010010</td>\n",
       "      <td>2575300</td>\n",
       "    </tr>\n",
       "    <tr>\n",
       "      <th>1320</th>\n",
       "      <td>5/29/2024</td>\n",
       "      <td>ADBE</td>\n",
       "      <td>477.600006</td>\n",
       "      <td>477.600006</td>\n",
       "      <td>482.790008</td>\n",
       "      <td>472.600006</td>\n",
       "      <td>472.779999</td>\n",
       "      <td>2214800</td>\n",
       "    </tr>\n",
       "    <tr>\n",
       "      <th>1321</th>\n",
       "      <td>5/30/2024</td>\n",
       "      <td>ADBE</td>\n",
       "      <td>445.869995</td>\n",
       "      <td>445.869995</td>\n",
       "      <td>466.820007</td>\n",
       "      <td>444.839996</td>\n",
       "      <td>464.899994</td>\n",
       "      <td>5606900</td>\n",
       "    </tr>\n",
       "    <tr>\n",
       "      <th>1322</th>\n",
       "      <td>5/31/2024</td>\n",
       "      <td>ADBE</td>\n",
       "      <td>444.760010</td>\n",
       "      <td>444.760010</td>\n",
       "      <td>448.230011</td>\n",
       "      <td>433.970001</td>\n",
       "      <td>447.720001</td>\n",
       "      <td>7487500</td>\n",
       "    </tr>\n",
       "    <tr>\n",
       "      <th>1323</th>\n",
       "      <td>6/3/2024</td>\n",
       "      <td>ADBE</td>\n",
       "      <td>439.019989</td>\n",
       "      <td>439.019989</td>\n",
       "      <td>449.839996</td>\n",
       "      <td>436.579987</td>\n",
       "      <td>447.579987</td>\n",
       "      <td>3967700</td>\n",
       "    </tr>\n",
       "  </tbody>\n",
       "</table>\n",
       "<p>1324 rows × 8 columns</p>\n",
       "</div>"
      ],
      "text/plain": [
       "           Date Symbol   Adj Close       Close        High         Low  \\\n",
       "0      3/1/2019   ADBE  264.010010  264.010010  266.239990  261.500000   \n",
       "1      3/4/2019   ADBE  258.160004  258.160004  267.000000  254.080002   \n",
       "2      3/5/2019   ADBE  257.380005  257.380005  259.869995  256.369995   \n",
       "3      3/6/2019   ADBE  256.399994  256.399994  259.489990  253.839996   \n",
       "4      3/7/2019   ADBE  255.460007  255.460007  257.489990  253.289993   \n",
       "...         ...    ...         ...         ...         ...         ...   \n",
       "1319  5/28/2024   ADBE  478.429993  478.429993  478.670013  469.600006   \n",
       "1320  5/29/2024   ADBE  477.600006  477.600006  482.790008  472.600006   \n",
       "1321  5/30/2024   ADBE  445.869995  445.869995  466.820007  444.839996   \n",
       "1322  5/31/2024   ADBE  444.760010  444.760010  448.230011  433.970001   \n",
       "1323   6/3/2024   ADBE  439.019989  439.019989  449.839996  436.579987   \n",
       "\n",
       "            Open   Volume  \n",
       "0     265.750000  2594000  \n",
       "1     266.700012  2994900  \n",
       "2     259.000000  2101800  \n",
       "3     257.399994  1950500  \n",
       "4     255.770004  3185200  \n",
       "...          ...      ...  \n",
       "1319  473.010010  2575300  \n",
       "1320  472.779999  2214800  \n",
       "1321  464.899994  5606900  \n",
       "1322  447.720001  7487500  \n",
       "1323  447.579987  3967700  \n",
       "\n",
       "[1324 rows x 8 columns]"
      ]
     },
     "execution_count": 17,
     "metadata": {},
     "output_type": "execute_result"
    }
   ],
   "source": [
    "# Load data from CSV file\n",
    "data = pd.read_csv('../../../Dataset/AKAM_Stock.csv')\n",
    "\n",
    "# Tiền xử lí dữ liệu\n",
    "# Hàm chuyển đổi \"Vol.\" từ chuỗi sang số\n",
    "def convert_volume_to_number(volume_str):\n",
    "    if volume_str[-1] == 'K':\n",
    "        return int(float(volume_str[:-1]) * 1000)\n",
    "    elif volume_str[-1] == 'M':\n",
    "        return int(float(volume_str[:-1]) * 1000000)\n",
    "    elif volume_str[-1] == 'B':\n",
    "        return int(float(volume_str[:-1]) * 1000000000)\n",
    "    else:\n",
    "        return int(volume_str)\n",
    "\n",
    "data"
   ]
  },
  {
   "cell_type": "code",
   "execution_count": 34,
   "metadata": {},
   "outputs": [
    {
     "data": {
      "text/plain": [
       "<bound method NDFrame.describe of            Date Symbol   Adj Close       Close        High         Low  \\\n",
       "0    2019-03-01   ADBE  264.010010  264.010010  266.239990  261.500000   \n",
       "1    2019-03-04   ADBE  258.160004  258.160004  267.000000  254.080002   \n",
       "2    2019-03-05   ADBE  257.380005  257.380005  259.869995  256.369995   \n",
       "3    2019-03-06   ADBE  256.399994  256.399994  259.489990  253.839996   \n",
       "4    2019-03-07   ADBE  255.460007  255.460007  257.489990  253.289993   \n",
       "...         ...    ...         ...         ...         ...         ...   \n",
       "1319 2024-05-28   ADBE  478.429993  478.429993  478.670013  469.600006   \n",
       "1320 2024-05-29   ADBE  477.600006  477.600006  482.790008  472.600006   \n",
       "1321 2024-05-30   ADBE  445.869995  445.869995  466.820007  444.839996   \n",
       "1322 2024-05-31   ADBE  444.760010  444.760010  448.230011  433.970001   \n",
       "1323 2024-06-03   ADBE  439.019989  439.019989  449.839996  436.579987   \n",
       "\n",
       "            Open   Volume  \n",
       "0     265.750000  2594000  \n",
       "1     266.700012  2994900  \n",
       "2     259.000000  2101800  \n",
       "3     257.399994  1950500  \n",
       "4     255.770004  3185200  \n",
       "...          ...      ...  \n",
       "1319  473.010010  2575300  \n",
       "1320  472.779999  2214800  \n",
       "1321  464.899994  5606900  \n",
       "1322  447.720001  7487500  \n",
       "1323  447.579987  3967700  \n",
       "\n",
       "[1324 rows x 8 columns]>"
      ]
     },
     "execution_count": 34,
     "metadata": {},
     "output_type": "execute_result"
    }
   ],
   "source": [
    "data.describe"
   ]
  },
  {
   "cell_type": "code",
   "execution_count": 35,
   "metadata": {},
   "outputs": [
    {
     "data": {
      "text/plain": [
       "<bound method DataFrame.info of            Date Symbol   Adj Close       Close        High         Low  \\\n",
       "0    2019-03-01   ADBE  264.010010  264.010010  266.239990  261.500000   \n",
       "1    2019-03-04   ADBE  258.160004  258.160004  267.000000  254.080002   \n",
       "2    2019-03-05   ADBE  257.380005  257.380005  259.869995  256.369995   \n",
       "3    2019-03-06   ADBE  256.399994  256.399994  259.489990  253.839996   \n",
       "4    2019-03-07   ADBE  255.460007  255.460007  257.489990  253.289993   \n",
       "...         ...    ...         ...         ...         ...         ...   \n",
       "1319 2024-05-28   ADBE  478.429993  478.429993  478.670013  469.600006   \n",
       "1320 2024-05-29   ADBE  477.600006  477.600006  482.790008  472.600006   \n",
       "1321 2024-05-30   ADBE  445.869995  445.869995  466.820007  444.839996   \n",
       "1322 2024-05-31   ADBE  444.760010  444.760010  448.230011  433.970001   \n",
       "1323 2024-06-03   ADBE  439.019989  439.019989  449.839996  436.579987   \n",
       "\n",
       "            Open   Volume  \n",
       "0     265.750000  2594000  \n",
       "1     266.700012  2994900  \n",
       "2     259.000000  2101800  \n",
       "3     257.399994  1950500  \n",
       "4     255.770004  3185200  \n",
       "...          ...      ...  \n",
       "1319  473.010010  2575300  \n",
       "1320  472.779999  2214800  \n",
       "1321  464.899994  5606900  \n",
       "1322  447.720001  7487500  \n",
       "1323  447.579987  3967700  \n",
       "\n",
       "[1324 rows x 8 columns]>"
      ]
     },
     "execution_count": 35,
     "metadata": {},
     "output_type": "execute_result"
    }
   ],
   "source": [
    "data.info"
   ]
  },
  {
   "cell_type": "code",
   "execution_count": 18,
   "metadata": {
    "id": "gJuOh8-y_Uif"
   },
   "outputs": [],
   "source": [
    "# 2. Đọc file dữ liệu chứng khoán AAPL và chia train test validate theo tỉ lệ 7:2:1\n",
    "df = data\n",
    "df = df[['Close']]\n",
    "df = df.dropna() # Drop missing values\n",
    "df = df.reset_index(drop=True) # Reset the index\n",
    "\n",
    "# Split the data into training, testing, and validation sets\n",
    "train_size = int(0.7 * len(df))\n",
    "test_size = len(df) - train_size\n",
    "\n",
    "train_data = df[:train_size]\n",
    "test_data = df[train_size:]"
   ]
  },
  {
   "cell_type": "code",
   "execution_count": 19,
   "metadata": {
    "colab": {
     "base_uri": "https://localhost:8080/",
     "height": 387
    },
    "id": "JbQNK8an_imI",
    "outputId": "8a54dfde-fd22-4b5d-f277-bf09c0c29b62"
   },
   "outputs": [
    {
     "name": "stdout",
     "output_type": "stream",
     "text": [
      "Performing stepwise search to minimize aic\n",
      " ARIMA(2,1,2)(0,0,0)[0] intercept   : AIC=6887.089, Time=0.88 sec\n",
      " ARIMA(0,1,0)(0,0,0)[0] intercept   : AIC=6908.843, Time=0.01 sec\n",
      " ARIMA(1,1,0)(0,0,0)[0] intercept   : AIC=6897.088, Time=0.06 sec\n",
      " ARIMA(0,1,1)(0,0,0)[0] intercept   : AIC=6898.606, Time=0.10 sec\n",
      " ARIMA(0,1,0)(0,0,0)[0]             : AIC=6906.875, Time=0.01 sec\n",
      " ARIMA(1,1,2)(0,0,0)[0] intercept   : AIC=6897.584, Time=0.24 sec\n",
      " ARIMA(2,1,1)(0,0,0)[0] intercept   : AIC=6897.683, Time=0.24 sec\n",
      " ARIMA(3,1,2)(0,0,0)[0] intercept   : AIC=6899.776, Time=0.74 sec\n",
      " ARIMA(2,1,3)(0,0,0)[0] intercept   : AIC=6900.112, Time=0.94 sec\n",
      " ARIMA(1,1,1)(0,0,0)[0] intercept   : AIC=6896.115, Time=0.16 sec\n",
      " ARIMA(1,1,3)(0,0,0)[0] intercept   : AIC=6898.328, Time=0.48 sec\n",
      " ARIMA(3,1,1)(0,0,0)[0] intercept   : AIC=6898.655, Time=0.45 sec\n",
      " ARIMA(3,1,3)(0,0,0)[0] intercept   : AIC=6900.398, Time=1.32 sec\n",
      " ARIMA(2,1,2)(0,0,0)[0]             : AIC=6885.124, Time=0.73 sec\n",
      " ARIMA(1,1,2)(0,0,0)[0]             : AIC=6895.621, Time=0.18 sec\n",
      " ARIMA(2,1,1)(0,0,0)[0]             : AIC=6895.721, Time=0.13 sec\n",
      " ARIMA(3,1,2)(0,0,0)[0]             : AIC=6897.821, Time=0.37 sec\n",
      " ARIMA(2,1,3)(0,0,0)[0]             : AIC=6898.156, Time=0.47 sec\n",
      " ARIMA(1,1,1)(0,0,0)[0]             : AIC=6894.155, Time=0.08 sec\n",
      " ARIMA(1,1,3)(0,0,0)[0]             : AIC=6896.371, Time=0.33 sec\n",
      " ARIMA(3,1,1)(0,0,0)[0]             : AIC=6896.698, Time=0.26 sec\n",
      " ARIMA(3,1,3)(0,0,0)[0]             : AIC=6898.443, Time=0.81 sec\n",
      "\n",
      "Best model:  ARIMA(2,1,2)(0,0,0)[0]          \n",
      "Total fit time: 9.034 seconds\n"
     ]
    },
    {
     "data": {
      "text/html": [
       "<style>#sk-container-id-2 {color: black;}#sk-container-id-2 pre{padding: 0;}#sk-container-id-2 div.sk-toggleable {background-color: white;}#sk-container-id-2 label.sk-toggleable__label {cursor: pointer;display: block;width: 100%;margin-bottom: 0;padding: 0.3em;box-sizing: border-box;text-align: center;}#sk-container-id-2 label.sk-toggleable__label-arrow:before {content: \"▸\";float: left;margin-right: 0.25em;color: #696969;}#sk-container-id-2 label.sk-toggleable__label-arrow:hover:before {color: black;}#sk-container-id-2 div.sk-estimator:hover label.sk-toggleable__label-arrow:before {color: black;}#sk-container-id-2 div.sk-toggleable__content {max-height: 0;max-width: 0;overflow: hidden;text-align: left;background-color: #f0f8ff;}#sk-container-id-2 div.sk-toggleable__content pre {margin: 0.2em;color: black;border-radius: 0.25em;background-color: #f0f8ff;}#sk-container-id-2 input.sk-toggleable__control:checked~div.sk-toggleable__content {max-height: 200px;max-width: 100%;overflow: auto;}#sk-container-id-2 input.sk-toggleable__control:checked~label.sk-toggleable__label-arrow:before {content: \"▾\";}#sk-container-id-2 div.sk-estimator input.sk-toggleable__control:checked~label.sk-toggleable__label {background-color: #d4ebff;}#sk-container-id-2 div.sk-label input.sk-toggleable__control:checked~label.sk-toggleable__label {background-color: #d4ebff;}#sk-container-id-2 input.sk-hidden--visually {border: 0;clip: rect(1px 1px 1px 1px);clip: rect(1px, 1px, 1px, 1px);height: 1px;margin: -1px;overflow: hidden;padding: 0;position: absolute;width: 1px;}#sk-container-id-2 div.sk-estimator {font-family: monospace;background-color: #f0f8ff;border: 1px dotted black;border-radius: 0.25em;box-sizing: border-box;margin-bottom: 0.5em;}#sk-container-id-2 div.sk-estimator:hover {background-color: #d4ebff;}#sk-container-id-2 div.sk-parallel-item::after {content: \"\";width: 100%;border-bottom: 1px solid gray;flex-grow: 1;}#sk-container-id-2 div.sk-label:hover label.sk-toggleable__label {background-color: #d4ebff;}#sk-container-id-2 div.sk-serial::before {content: \"\";position: absolute;border-left: 1px solid gray;box-sizing: border-box;top: 0;bottom: 0;left: 50%;z-index: 0;}#sk-container-id-2 div.sk-serial {display: flex;flex-direction: column;align-items: center;background-color: white;padding-right: 0.2em;padding-left: 0.2em;position: relative;}#sk-container-id-2 div.sk-item {position: relative;z-index: 1;}#sk-container-id-2 div.sk-parallel {display: flex;align-items: stretch;justify-content: center;background-color: white;position: relative;}#sk-container-id-2 div.sk-item::before, #sk-container-id-2 div.sk-parallel-item::before {content: \"\";position: absolute;border-left: 1px solid gray;box-sizing: border-box;top: 0;bottom: 0;left: 50%;z-index: -1;}#sk-container-id-2 div.sk-parallel-item {display: flex;flex-direction: column;z-index: 1;position: relative;background-color: white;}#sk-container-id-2 div.sk-parallel-item:first-child::after {align-self: flex-end;width: 50%;}#sk-container-id-2 div.sk-parallel-item:last-child::after {align-self: flex-start;width: 50%;}#sk-container-id-2 div.sk-parallel-item:only-child::after {width: 0;}#sk-container-id-2 div.sk-dashed-wrapped {border: 1px dashed gray;margin: 0 0.4em 0.5em 0.4em;box-sizing: border-box;padding-bottom: 0.4em;background-color: white;}#sk-container-id-2 div.sk-label label {font-family: monospace;font-weight: bold;display: inline-block;line-height: 1.2em;}#sk-container-id-2 div.sk-label-container {text-align: center;}#sk-container-id-2 div.sk-container {/* jupyter's `normalize.less` sets `[hidden] { display: none; }` but bootstrap.min.css set `[hidden] { display: none !important; }` so we also need the `!important` here to be able to override the default hidden behavior on the sphinx rendered scikit-learn.org. See: https://github.com/scikit-learn/scikit-learn/issues/21755 */display: inline-block !important;position: relative;}#sk-container-id-2 div.sk-text-repr-fallback {display: none;}</style><div id=\"sk-container-id-2\" class=\"sk-top-container\"><div class=\"sk-text-repr-fallback\"><pre> ARIMA(2,1,2)(0,0,0)[0]          </pre><b>In a Jupyter environment, please rerun this cell to show the HTML representation or trust the notebook. <br />On GitHub, the HTML representation is unable to render, please try loading this page with nbviewer.org.</b></div><div class=\"sk-container\" hidden><div class=\"sk-item\"><div class=\"sk-estimator sk-toggleable\"><input class=\"sk-toggleable__control sk-hidden--visually\" id=\"sk-estimator-id-2\" type=\"checkbox\" checked><label for=\"sk-estimator-id-2\" class=\"sk-toggleable__label sk-toggleable__label-arrow\">ARIMA</label><div class=\"sk-toggleable__content\"><pre> ARIMA(2,1,2)(0,0,0)[0]          </pre></div></div></div></div></div>"
      ],
      "text/plain": [
       "ARIMA(order=(2, 1, 2), scoring_args={}, suppress_warnings=True,\n",
       "      with_intercept=False)"
      ]
     },
     "execution_count": 19,
     "metadata": {},
     "output_type": "execute_result"
    }
   ],
   "source": [
    "# 3. Quá trình Training\n",
    "x_train = np.array(train_data.index).reshape(-1, 1)\n",
    "y_train = np.array(train_data['Close'])\n",
    "\n",
    "# Find the best ARIMA model using auto_arima\n",
    "from pmdarima.arima import auto_arima\n",
    "model = auto_arima(y_train, trace=True, error_action='ignore', suppress_warnings=True)\n",
    "\n",
    "# Fit the model\n",
    "model.fit(y_train)"
   ]
  },
  {
   "cell_type": "code",
   "execution_count": 20,
   "metadata": {
    "id": "tq3vSOvd_xL3"
   },
   "outputs": [],
   "source": [
    "# 4. Quá trình testing \n",
    "x_test = np.array(test_data.index).reshape(-1, 1)\n",
    "y_test = np.array(test_data['Close'])\n",
    "y_pred = model.predict(n_periods=len(y_test))\n"
   ]
  },
  {
   "cell_type": "code",
   "execution_count": 21,
   "metadata": {},
   "outputs": [
    {
     "name": "stdout",
     "output_type": "stream",
     "text": [
      "Testing RMSE: 180.1002753679175\n",
      "Testing MAPE: 29.00221266534314\n",
      "Testing MAE: 151.30124296924245\n"
     ]
    }
   ],
   "source": [
    "# Tính MAPE\n",
    "def calculate_mape(y_true, y_pred):\n",
    "    return np.mean(np.abs((y_true - y_pred) / y_true)) * 100\n",
    "\n",
    "#  Tính MAE\n",
    "def calculate_mae(y_true, y_pred):\n",
    "    y_true = np.array(y_true)\n",
    "    y_pred = np.array(y_pred)\n",
    "    \n",
    "    mae = np.mean(np.abs(y_true - y_pred))\n",
    "    return mae\n",
    "\n",
    "# Tính toán RMSE, MAPE và MDA\n",
    "test_rmse = np.sqrt(np.mean((y_pred - y_test) ** 2))\n",
    "test_mape = calculate_mape(y_test, y_pred)\n",
    "test_mae = calculate_mae(y_test, y_pred)\n",
    "\n",
    "# In kết quả\n",
    "print('Testing RMSE:', test_rmse)\n",
    "print('Testing MAPE:', test_mape)\n",
    "print('Testing MAE:', test_mae)"
   ]
  },
  {
   "cell_type": "code",
   "execution_count": 22,
   "metadata": {
    "colab": {
     "base_uri": "https://localhost:8080/"
    },
    "id": "mI2qmayj_-rD",
    "outputId": "d648e73b-f491-41e3-9835-906ee8eb8f6d"
   },
   "outputs": [
    {
     "name": "stdout",
     "output_type": "stream",
     "text": [
      "Predicted closing prices for the next 30 days:\n",
      "[318.4325048  318.82522423 318.21284054 318.89985742 318.28921639\n",
      " 318.69897704 318.56345571 318.41462401 318.79683513 318.27831912\n",
      " 318.81372281 318.376305   318.62949765 318.60176689 318.41349649\n",
      " 318.76307122 318.33742712 318.74355129 318.4418818  318.58213173\n",
      " 318.62210097 318.42267284 318.72834281 318.38859124 318.68793815\n",
      " 318.4898284  318.5515139  318.63006644 318.43750934 318.69540824]\n"
     ]
    }
   ],
   "source": [
    "# 5. Quá trình tạo index predict 30 ngày tiếp theo\n",
    "last_index =  df.index[-1]\n",
    "last_data_30 = pd.RangeIndex(start=last_index, stop=last_index+30, step=1)\n",
    "\n",
    "# Create an array of 30 consecutive integers starting from last_index\n",
    "x_next_30_days = np.array(range(last_index+1, last_index+31)).reshape(-1, 1)\n",
    "\n",
    "# Predict the closing prices for the next 30 days\n",
    "y_next_30_days = model.predict(n_periods=len(x_next_30_days))\n",
    "\n",
    "# Print the predicted closing prices for the next 30 days\n",
    "print('Predicted closing prices for the next 30 days:')\n",
    "print(y_next_30_days)"
   ]
  },
  {
   "cell_type": "code",
   "execution_count": 23,
   "metadata": {},
   "outputs": [
    {
     "name": "stdout",
     "output_type": "stream",
     "text": [
      "Predicted closing prices for the next 60 days:\n",
      "[318.4325048  318.82522423 318.21284054 318.89985742 318.28921639\n",
      " 318.69897704 318.56345571 318.41462401 318.79683513 318.27831912\n",
      " 318.81372281 318.376305   318.62949765 318.60176689 318.41349649\n",
      " 318.76307122 318.33742712 318.74355129 318.4418818  318.58213173\n",
      " 318.62210097 318.42267284 318.72834281 318.38859124 318.68793815\n",
      " 318.4898284  318.5515139  318.63006644 318.43750934 318.69540824\n",
      " 318.4313961  318.6450271  318.52372377 318.53321998 318.62993538\n",
      " 318.45478304 318.66582815 318.46616164 318.61281362 318.54671657\n",
      " 318.52370391 318.62487104 318.47235937 318.64032508 318.49363471\n",
      " 318.58934018 318.56147678 318.52019886 318.61714276 318.48891459\n",
      " 318.61906036 318.51477149 318.57281224 318.57019901 318.52060352\n",
      " 318.60831857 318.50371073 318.6018417  318.53059036 318.5616579 ]\n"
     ]
    }
   ],
   "source": [
    "# 6. Quá trình tạo index predict 60 ngày tiếp theo\n",
    "last_index =  df.index[-1]\n",
    "last_data_60 = pd.RangeIndex(start=last_index, stop=last_index+60, step=1)\n",
    "\n",
    "# Create an array of 30 consecutive integers starting from last_index\n",
    "x_next_60_days = np.array(range(last_index+1, last_index+61)).reshape(-1, 1)\n",
    "\n",
    "# Predict the closing prices for the next 30 days\n",
    "y_next_60_days = model.predict(n_periods=len(x_next_60_days))\n",
    "\n",
    "# Print the predicted closing prices for the next 30 days\n",
    "print('Predicted closing prices for the next 60 days:')\n",
    "print(y_next_60_days)"
   ]
  },
  {
   "cell_type": "code",
   "execution_count": 24,
   "metadata": {},
   "outputs": [
    {
     "name": "stdout",
     "output_type": "stream",
     "text": [
      "Predicted closing prices for the next 90 days:\n",
      "[318.4325048  318.82522423 318.21284054 318.89985742 318.28921639\n",
      " 318.69897704 318.56345571 318.41462401 318.79683513 318.27831912\n",
      " 318.81372281 318.376305   318.62949765 318.60176689 318.41349649\n",
      " 318.76307122 318.33742712 318.74355129 318.4418818  318.58213173\n",
      " 318.62210097 318.42267284 318.72834281 318.38859124 318.68793815\n",
      " 318.4898284  318.5515139  318.63006644 318.43750934 318.69540824\n",
      " 318.4313961  318.6450271  318.52372377 318.53321998 318.62993538\n",
      " 318.45478304 318.66582815 318.46616164 318.61281362 318.54671657\n",
      " 318.52370391 318.62487104 318.47235937 318.64032508 318.49363471\n",
      " 318.58934018 318.56147678 318.52019886 318.61714276 318.48891459\n",
      " 318.61906036 318.51477149 318.57281224 318.57019901 318.52060352\n",
      " 318.60831857 318.50371073 318.6018417  318.53059036 318.5616579\n",
      " 318.57463716 318.52336699 318.5994308  318.51641799 318.58827412\n",
      " 318.54207782 318.55454895 318.57615572 318.52738073 318.59111397\n",
      " 318.52697836 318.57786607 318.55013319 318.5503971  318.57578794\n",
      " 318.5318823  318.58371624 318.53550372 318.57010069 318.55554089\n",
      " 318.54833518 318.57429392 318.53637281 318.57738708 318.54220199\n",
      " 318.56448122 318.55896141 318.54769044 318.57221492 318.5405485 ]\n"
     ]
    }
   ],
   "source": [
    "# 6. Quá trình tạo index predict 60 ngày tiếp theo\n",
    "last_index =  df.index[-1]\n",
    "last_data_90 = pd.RangeIndex(start=last_index, stop=last_index+90, step=1)\n",
    "\n",
    "# Create an array of 30 consecutive integers starting from last_index\n",
    "x_next_90_days = np.array(range(last_index+1, last_index+91)).reshape(-1, 1)\n",
    "\n",
    "# Predict the closing prices for the next 30 days\n",
    "y_next_90_days = model.predict(n_periods=len(x_next_90_days))\n",
    "\n",
    "# Print the predicted closing prices for the next 30 days\n",
    "print('Predicted closing prices for the next 90 days:')\n",
    "print(y_next_90_days)"
   ]
  },
  {
   "cell_type": "code",
   "execution_count": 30,
   "metadata": {
    "colab": {
     "base_uri": "https://localhost:8080/",
     "height": 465
    },
    "id": "DE3Pge7a0EHs",
    "outputId": "df98bb23-fd48-47c6-c83d-e9f5cfbf1ca0"
   },
   "outputs": [
    {
     "data": {
